number of jobs, number of machines, initial seed, upper bound and lower bound :
          4          3   45654776        39        39
processing times :
3 11 7 10
4 1 9 12
10 5 13 2
number of jobs, number of machines, initial seed, upper bound and lower bound :
         200          10   471503978       10868       10816
processing times :
 17 37 22 71 79 37 69 53 59 64 11 67 27 64 59 31 43 42 56 88 71 86  6 54 92 75 83  2 60 62 83 73 55  3 71 34 40 13 62 56 28 53 71  5 73 95 23 49 17 81 88 62 35 78 90 36 46 98 75 36 74 86 67 87 68  1 87 87  7 34  1 91  7  6 46  3 45 55 92 67 13 30 27 19 51 86 20 95 79 48 83 91 78 41 61 90 57  4 21 68 87 62 69 79 69 35 25 68 14  9 74 61 58 81 52 93 44 57 89 81 69 98 78 70  3 70 62 81 61 65 65 33 62 19 57 82 78 94 65 14  9 29 70 90 86 12 40 12 64 32 18 11 40 14 22 49 95 82  7 19 95 39 71 34 89 63 85 60 91 49 46 10 19 50 65 41 58 62 45 67 64  6 77 94 24 38 73 59 61 14 59 83  3 46 16 56 40  7 79 55
 30 26  2 29 98 67 92 51 53 82 86 47 36 23 34 66 43 71 31 36 41  6 28 43 18 64 28 13  7 13 93 93 56 72 71 28 95 96 55 58 66  3 77 80  2 82 86 16 29 24 89 96 99 15 49 78 48 64  3 63 14 95 88  9 61 24 38 50 47 42 30 97 49 79 19 80 30 24 58 43  6 95 43 99 22 99 11 99 60 42 33 68 78 26 77  1 13 67 87 31 49 90  6 76 94 76 79 66 51 14 89 87  1 65 53 19 21 98 90 45 77 54 86  2  3 88 39 56 24 91 86 80 58 54 57 42 32  5 43 80 86 47 95 86 40 31 61 12 64 17 52 56 35 60 75 10 50 66 53 58 12 66 81 51 75 71 46 88 58 73 27 26 38 48  8 14 58 89 44 16 20 69 67 80 81 82 27  5 44 38 53 16 48 16 31 79 75 14 67 70
 28 82 88 33 69 28 92 66 92 30 67 53 93 45  7 70 58 58 17 41 56 34 62 81 44 95 50 88 19 50 25 88  1  6 45 29  2 54 71 81 22 57 16 88  5 52 23 21 21 58 96 37 46 78 87 91  9 96 93 98 31 78 20 75 18 34 48 49 69 88 30 34 22 81 50 40 73 91  7  1 71 72  8 68 49  7 47 90 59 39 49 28 22 10 96  2 88 90 69 44 74 16 90  7 14 47 48 36 62  1 63 86 49 48  3 51 80 86 97  4 58 79 28 19 93 88 44 74 18 95  2 22  7 82 52 17 59 42 51 79 93 65 27 25 60 72 29 55 58 22 58 61 89 67 14 10 40 11 99  7 20 78  6 71 48 39 58  7 17 63 73 43 14 66 59 75 96 28 12 99 63 19 26  8 72 55 67  1 23 35  6 89 93 88 86 37 53 45 32 69
 15 67 57 64 23  9  1  2 43 73 94 96 78 14 32 23 83 29 75 55 91 44 46 59 11 20 68  3 17 55 59 18 31 84 61 55 46 77 59 98 23 18 17 70 73 38 13 77 74 79 51 48 16 93 29 28  6 82 40  9 88 51 48  1  4 77 48  6  1 32 79 40 14 20 86 40 25 94 73 44 98 94 61 65 44 75  4 17  1 12 78 51 55 53 96 92 82 20 22 13 40 43 23 30 16 76 30 59 64 72 61 13 81 25 90 67 21 70 96 99 64 68 61 36 57 86 10 57 88 59 73 43 25 37 70 97 29 33 99 34 96 65 90 52 95  3 64 21 16 70 67 13 96 57  7 30 96 98 72 31 11 36 10 20 26 67 13 60 50 28 32 49 54 46 15 49 94 63 96 43 73 19 19 81 82 69 13 85 32 34 57 69 63 49 56 37 54 60 97 44
 52 82 17 66 62 57 58 91 42 69 48 46 18 94 83 48 81 57 93 67 19 65 49 45 22 92 41 38 26  2 90 79 17 61 81 67 18  1 36 31 85 92  6 78 83 39 74 77 85 88 25 33 36 32 82 98  3 46 68 11 30 75 42 93 36 97  1 63 86 54 33 71  1 18 75 55 62 21 71 80  5 48 87 22  5 71 69 75 72 36 54 24 55  5 40 56  8 19  7 12 44 66 39 41 60 11 31 65 16 67 19 69 56 96 78 36 56 12 37  1 50 43 58 13 55 87 20 84 28 59 65 56  2 36 41  7 23 25 81  6 67  5 89 71 86 48 50 54 21 83 27 38 79 71 53  2  9 49 79 39 28 39 70 72 70 38 48 57 11 38 37 56 64 64 68 27 36 94 65 89 23 93 14 57 93 60 82 16 69 57  8 52 98 67 19 56 38 75 69 14
  5 44  2 98 27 10 25 27 41 59 89 36 62 29 17 37 35 47 37 52  3 87  4 50 96 74 68 30 69 17 34 95  3 24 51 55 60 61 15 38 83 62 84 44 80 48 45 54 71 10 96 23  8 56 35 72 53 13 72 38  1 69 85  2 28 18 10 70 67 95 72 64 19 60 31 29 43 17 78 28 47 78 77 92 42 86  6 19 28 18  4 24 57 82  7  4 94  9 57 82 98 54  2 71 94 69 51 80 79 85 56 79 46 71 85 52 42 66 82 91 48 70 21 82 12 94 17 45 68 60 93 30  5 31 30 71 29 82 20 13 94 47 57 95  8 46 80 32  7 34 33 33 18 29 19 74 58 52 10 70 78 59 32 20 12 98 18 12 57 73 91 46 64 92 45 86 84 15 99  8 87 61 42 25 35 64 74 40 89  4 43 12 28 68 46 23  3 70 81 14
 53 43 43 56 48 83 34 93 95 48 63 93 91 94 32 81 69 29 44  2 66 25 60 69 44 34 68 77 31 10 57 21 56 36 26 11  6 86  2 89 28 62 63 52 12 13 43 99 11 70 82 14 39 83  4 86 93 87 82 78 32 82 24 88 45 48 67 14 34 76  1 51 15 67 57  3 37 15 50 75 80  3  9 28 44  2 71 89 24 73 28 98 17 27 90  4 13 83 43 63 68 74 12 69 38 74 98 86 72 76 53 94 45 30 39 60 69 12 83 21 25 50 47 43 58 11 63 74  6 23 94 93 26 49 30 50 47 89 43 32 45 47 68 13 86 97  2 16 27 38 53 37 94 78 84 49 25 59 36 33 15 36 47 83 24 71  7  6 55 43 82 40 78 64 96 27 99 11 91 78 97 23 48 20 99 39 53  3 65 81 47 25 36 44 29 85 26  4  9 59
 55 65 38 76 45 99 84 67 40 93 70 45 75 91 21 72 15 73 43 62 40 43 96 39 23 79 66 19 41 71 60 72 62 17 25 59 95 47 10 94 39 53 50 99 63 59 30 67 18 12  9 41 67 52 39 90 25 13 81  3  8 66 67 51 54 85 10 95 59 64 90 28 48 57 85 78 18 59 11 67 36 24 59 24 39  1 80 58 76 59 90 92  3 51  1 55 50 15 31 99  8 44 91 83 75 66 98 77  8  6 26 47 55 39 91 78 49 23 92 68 88  9 38 60  2  8 86 62 41 66 94 54  9 75 43  9 10 79 10 97 39 30 74 52 90 12 61 34 88 27 68 14 88 74 71 14 16 46 47 54 91 89 59 39 52 91 21 90 58 74 30 63 19 18 88 22 43 60 20 32 67  1 42 95 84 37 30 12 87 13 60 92 52 51 91 76 32 81 57 71
 81 44 46  3 93 14 86 23 59 47 76 45 64 10  4 29 69 46 68 89 48 68 13 36 85 35 25 21 44 40 20 83 76 26 50 98  6 83 51 46 99 65 46 24 47 24 32 66 48 83  3 74 97 39 80 27 70 65  1 26 46  8 74 47 19 85 62 33 96 33  5 23 43 63 10 47 73  1 19 92 31 29 68 31 92 48 87  8 90 57 40 25 49 26 35 90 99 30  5 52 12 11 72 32 81 21 81 64 45  4 10 90 11 88 52 96 92 44 54 28 85 51 21  4 42 43 55 89  4  1 97 65 38 87 58 47 53 51 40 80 20 24 77 37 13 29 28 18 22 75 24 79 99 35 45 95 46 15  7 24 45 20 35 61 97 69 78 13 53 16 94 59 64 72 13 47 22  9 68  4 67 92 49 23 37 16 39 47 94 71 36 72 67 78 13 68 36 69 28 69
 47 51 44 27 76  4 76 49  5 25 23 67 55 40 58 26 36 83 65 91 77 62  6 57 87  4 11 60 23 87 50 18 23 24 82 16 96 37 29 19 26 56 33 53  6 95 63 84 13  6 19 16 80 37 20 62 81 52 14 67 19 86  1 53 21 33 68 28 25 69 71 60 69 99 53 77 27 29 83 22 10 42 64 80 73 91 38 60 53 38 19 14 35 10 44 97 17 50 22 19 70 88 31  7 81 58  2 89  1 80 52 15 25 11 97 90 62 69 34 66 54 84 62 71 70 60 54 52 71  9 99 41 30 23 60  1 67 55 64 21 16 94 11 90 48 85 34  7 79 95 50 78 39 79 69 27 42 15 51 44 71 32 66 49  8  7 44  1 15  6 51 91 33 77 69 28  8  8 48  7 55 51 89 61 82 39 89 47 24 79 86 60 67 10 61 60 68 72  9 47
number of jobs, number of machines, initial seed, upper bound and lower bound :
          50           5  1328042058        2724        2712
processing times :
 75 87 13 11 41 43 93 69 80 13 24 72 38 81 83 88 26  6 89 67 70 30 89 30 68 21 78 46 99 10 17 23 83 47 86 18 67 46  4 14  4 20 88 50 84 58 93 76 50 30
 26 37 25 95 49 12 59 17 46 20 52 44 92 75 95 33 10 45  2 62 62 82 29 29 94 20 42 80 94 35  8 41 65  4 71 30 14 32 50 30 27 98 39 84 65 12 58 45 49 15
 48  4 92 92 72 45  5 98 93 17 79 11 16 89 81 92 45 61 39 28 94 87 23  1 55 91 67 91  4 60 38 25 90 93 13 65 25 34 47 98 91 11 46 50 77  5 14 47 80 45
 26 67  4 14 93 54 21 20  6 18 75 25 16 77 28 24 15 77 36 16 32 46 21 81 28 70 89 54 96 62 46 60 19 97 13  7 44  7 73 15 66 70 97 33 97 64 73 28  4 87
 77 94  9 57 29 79 55 73 65 86 25 39 76 24 38  5 91 29 22 27 39 31 46 18 93 58 85 58 97 10 79 93  2 87 17 18 10 50  8 26 14 21 15 10 85 46 42 18 36  2
number of jobs, number of machines, initial seed, upper bound and lower bound :
          20           5   873654221        1278        1232
processing times :
 54 83 15 71 77 36 53 38 27 87 76 91 14 29 12 77 32 87 68 94
 79  3 11 99 56 70 99 60  5 56  3 61 73 75 47 14 21 86  5 77
 16 89 49 15 89 45 60 23 57 64  7  1 63 41 63 47 26 75 77 40
 66 58 31 68 78 91 13 59 49 85 85  9 39 41 56 40 54 77 51 31
 58 56 20 85 53 35 53 41 69 13 86 72  8 49 47 87 58 18 68 28
number of jobs, number of machines, initial seed, upper bound and lower bound :
          20           5   379008056        1359        1290
processing times :
 26 38 27 88 95 55 54 63 23 45 86 43 43 40 37 54 35 59 43 50
 59 62 44 10 23 64 47 68 54  9 30 31 92  7 14 95 76 82 91 37
 78 90 64 49 47 20 61 93 36 47 70 54 87 13 40 34 55 13 11  5
 88 54 47 83 84  9 30 11 92 63 62 75 48 23 85 23  4 31 13 98
 69 30 61 35 53 98 94 33 77 31 54 71 78  9 79 51 76 56 80 72
number of jobs, number of machines, initial seed, upper bound and lower bound :
          20           5  1866992158        1081        1073
processing times :
 77 94  9 57 29 79 55 73 65 86 25 39 76 24 38  5 91 29 22 27
 39 31 46 18 93 58 85 58 97 10 79 93  2 87 17 18 10 50  8 26
 14 21 15 10 85 46 42 18 36  2 44 89  6  3  1 43 81 57 76 59
 11  2 36 30 89 10 88 22 31  9 43 91 26  3 75 99 63 83 70 84
 83 13 84 46 20 33 74 42 33 71 32 48 42 99  7 54  8 73 30 75
number of jobs, number of machines, initial seed, upper bound and lower bound :
          20           5   216771124        1293        1268
processing times :
 53 19 99 62 88 93 34 72 42 65 39 79  9 26 72 29 36 48 57 95
 93 79 88 77 94 39 74 46 17 30 62 77 43 98 48 14 45 25 98 30
 90 92 35 13 75 55 80 67  3 93 54 67 25 77 38 98 96 20 15 36
 65 97 27 25 61 24 97 61 75 92 73 21 29  3 96 51 26 44 56 31
 64 38 44 46 66 31 48 27 82 51 90 63 85 36 69 67 81 18 81 72
number of jobs, number of machines, initial seed, upper bound and lower bound :
          20           5   495070989        1236        1198
processing times :
 61 86 16 42 14 92 67 77 46 41 78  3 72 95 53 59 34 66 42 63
 27 92  8 65 34  6 42 39  2  7 85 32 14 74 59 95 48 37 59  4
 42 93 32 30 16 95 58 12 95 21 74 38  4 31 62 39 97 57  9 54
 13 47  6 70 19 97 41  1 57 60 62 14 90 76 12 89 37 35 91 69
 55 48 56 84 22 51 43 50 62 61 10 87 99 40 91 64 62 53 33 16
number of jobs, number of machines, initial seed, upper bound and lower bound :
          20           5   402959317        1195        1180
processing times :
 71 27 55 90 11 18 42 64 73 95 22 53 32  5 94 12 41 85 75 38
 13 11 73 43 27 33 57 42 71  3 11 49  8  3 47 58 23 79 99 23
 61 25 52 72 89 75 60 28 94 95 18 73 40 61 68 75 37 13 65  7
 21  8  5  8 58 59 85 35 84 97 93 60 99 29 94 41 51 87 97 11
 91 13  7 95 20 69 45 44 29 32 94 84 60 49 49 65 85 52  8 58
number of jobs, number of machines, initial seed, upper bound and lower bound :
          20           5  1369363414        1239        1226
processing times :
 15 64 64 48  9 91 27 34 42  3 11 54 27 30  9 15 88 55 50 57
 28  4 43 93  1 81 77 69 52 28 28 77 42 53 46 49 15 43 65 41
 77 36 57 15 81 82 98 97 12 35 84 70 27 37 59 42 57 16 11 34
  1 59 95 49 90 78  3 69 99 41 73 28 99 13 59 47  8 92 87 62
 45 73 59 63 54 98 39 75 33  8 86 41 41 22 43 34 80 16 37 94
number of jobs, number of machines, initial seed, upper bound and lower bound :
          20           5  2021925980        1206        1170
processing times :
 34 20 57 47 62 40 74 94  9 62 86 13 78 46 83 52 13 70 40 60
  5 48 80 43 34  2 87 68 28 84 30 35 42 39 85 34 36  9 96 84
 86 35  5 93 74 12 40 95 80  6 92 14 83 49 36 38 43 89 94 33
 28 39 55 21 25 88 59 40 90 18 33 10 59 92 15 77 31 85 85 99
  8 91 45 55 75 18 59 86 45 89 11 54 38 41 64 98 83 36 61 19
number of jobs, number of machines, initial seed, upper bound and lower bound :
          20           5   573109518        1230        1206
processing times :
 37 36  1  4 64 74 32 67 73  7 78 64 98 60 89 49  2 79 79 53
 59 16 90  3 76 74 22 30 89 61 39 15 69 57  9 13 71  2 34 49
 65 94 96 47 35 34 84  3 60 34 70 57  8 74 13 37 87 71 89 57
 70  3 43 14 26 83 26 65 47 94 75 30  1 71 46 87 78 76 75 55
 94 98 63 83 19 79 54 78 29  8 38 97 61 10 37 16 78 96  9 91
number of jobs, number of machines, initial seed, upper bound and lower bound :
          20           5    88325120        1108        1082
processing times :
 27 92 75 94 18 41 37 58 56 20  2 39 91 81 33 14 88 22 36 65
 79 23 66  5 15 51  2 81 12 40 59 32 16 87 78 41 43 94  1 93
 22 93 62 53 30 34 27 30 54 77 24 47 39 66 41 46 24 23 68 50
 93 22 64 81 94 97 54 82 11 91 23 32 26 22 12 23 34 87 59  2
 38 84 62 10 11 93 57 81 10 40 62 49 90 34 11 81 51 21 39 27